34,4
30,5
28,1
28,4
29,4
30,1
30,3
26,1
26,3
29,1
29,3
35,52
35,51
35,50
35,49
35,48
35,47
35,46
35,45
35,44
35,43
35,42
35,41
35,40
35,39
35,38
35,37
35,36
35,35
34,1
34,3
3,2
10,75
9,4
10,85
10,243
10,211
10,13
10,231
10,279
10,269
10,2
10,3
11,5
11,17
11,13
11,8
9,5
9,2
9,3
8,6
8,5
8,17
8,11
8,2
8,3
20,3
20,2
20,1
19,3
19,2
19,1
18,3
18,1
14,3
14,1
13,3
13,1
12,3
12,2
12,1
11,30
11,29
11,28
11,27
11,26
11,25
11,24
11,23
11,22
11,21
11,20
11,18
11,16
11,12
11,10
11,9
11,7
11,4
11,3
11,2
11,1
10,317
10,316
